----------------------------------------
goal: 2
states checked: 4
path: [(1, 0), (1, 1), (1, 1), (1, 1), (1, 1)]
----------------------------------------
goal: 3
states checked: 28
path: [(1, 1), (1, 1), (2, 0), (2, 1), (2, 1), (2, 1), (2, 1)]
----------------------------------------
goal: 4
states checked: 76
path: [(1, 1), (2, 1), (2, 1), (3, 0), (3, 1), (3, 1), (3, 1), (3, 1)]
----------------------------------------
goal: 5
states checked: 182
path: [(1, 1), (2, 1), (3, 0), (3, 1), (3, 2), (4, 1), (4, 1), (4, 1), (4, 1)]
----------------------------------------
goal: 6
states checked: 356
path: [(1, 1), (1, 2), (2, 3), (3, 2), (4, 1), (5, 0), (5, 1), (5, 1), (5, 1), (5, 1)]
----------------------------------------
goal: 7
states checked: 653
path: [(1, 1), (2, 1), (3, 3), (4, 2), (5, 1), (6, 0), (6, 1), (6, 1), (6, 1), (6, 1)]
----------------------------------------
goal: 8
states checked: 1100
path: [(1, 0), (1, 1), (2, 2), (4, 2), (5, 3), (6, 1), (6, 1), (7, 1), (7, 1), (7, 1), (7, 1)]
----------------------------------------
goal: 9
states checked: 1749
path: [(1, 0), (1, 2), (3, 2), (5, 4), (6, 1), (7, 1), (7, 1), (8, 1), (8, 1), (8, 1), (8, 1)]
----------------------------------------
goal: 10
states checked: 2678
path: [(1, 0), (2, 1), (3, 3), (6, 4), (7, 1), (8, 1), (8, 1), (9, 1), (9, 1), (9, 1), (9, 1)]
----------------------------------------
goal: 11
states checked: 3978
path: [(0, 1), (1, 1), (2, 2), (3, 4), (7, 4), (8, 1), (9, 1), (9, 1), (10, 1), (10, 1), (10, 1), (10, 1)]
----------------------------------------
goal: 12
states checked: 5720
path: [(1, 0), (1, 2), (2, 3), (3, 5), (8, 4), (9, 1), (10, 1), (10, 1), (11, 1), (11, 1), (11, 1), (11, 1)]
----------------------------------------
goal: 13
states checked: 7995
path: [(0, 1), (1, 1), (2, 1), (3, 1), (4, 4), (8, 5), (9, 3), (10, 2), (11, 1), (12, 1), (12, 1), (12, 1), (12, 1)]
----------------------------------------
goal: 14
states checked: 10951
path: [(1, 0), (1, 1), (2, 1), (3, 2), (4, 5), (9, 5), (10, 3), (11, 2), (12, 1), (13, 1), (13, 1), (13, 1), (13, 1)]
----------------------------------------
goal: 15
states checked: 14705
path: [(1, 1), (1, 2), (3, 2), (4, 5), (9, 5), (2, 10), (12, 3), (13, 0), (13, 1), (14, 1), (14, 1), (14, 1), (14, 1)]
----------------------------------------
goal: 16
states checked: 19410
path: [(1, 1), (2, 1), (3, 0), (3, 4), (4, 7), (11, 5), (12, 3), (13, 2), (14, 1), (15, 1), (15, 1), (15, 1), (15, 1)]
----------------------------------------
goal: 17
states checked: 25267
path: [(1, 0), (1, 1), (2, 1), (2, 3), (3, 5), (4, 8), (12, 5), (13, 3), (14, 2), (15, 1), (16, 1), (16, 1), (16, 1), (16, 1)]
----------------------------------------
goal: 18
states checked: 32433
path: [(1, 0), (2, 1), (3, 1), (4, 3), (5, 7), (12, 6), (13, 4), (1, 14), (15, 2), (16, 1), (17, 1), (17, 1), (17, 1), (17, 1)]
----------------------------------------
goal: 19
states checked: 41120
path: [(1, 0), (2, 1), (3, 1), (4, 4), (5, 8), (13, 6), (1, 14), (15, 3), (16, 2), (17, 1), (18, 1), (18, 1), (18, 1), (18, 1)]
----------------------------------------
goal: 20
states checked: 51574
path: [(1, 1), (2, 0), (2, 3), (5, 1), (6, 6), (12, 7), (3, 13), (16, 4), (17, 2), (18, 1), (19, 1), (19, 1), (19, 1), (19, 1)]
